{
  "nbformat": 4,
  "nbformat_minor": 0,
  "metadata": {
    "colab": {
      "provenance": [],
      "gpuType": "T4"
    },
    "kernelspec": {
      "name": "ir",
      "display_name": "R"
    },
    "language_info": {
      "name": "R"
    }
  },
  "cells": [
    {
      "cell_type": "markdown",
      "source": [
        "# **1. PROBLEM DEFINITION**\n"
      ],
      "metadata": {
        "id": "7XELsYI456O2"
      }
    },
    {
      "cell_type": "markdown",
      "source": [
        "**1.1. Research Objective**\n",
        "\n",
        "Goal: Determine whether Fear of Missing Out (FoMO) or personality traits are stronger predictors of digital addiction.\n",
        "\n",
        "Research Question: “Which is a stronger predictor of digital addiction: Fear of Missing Out (FoMO) or personality traits?”\n",
        "\n",
        "\n",
        "**1.2. Key Variables**\n",
        "\n",
        "Predictors:\n",
        "\n",
        "FoMO Score (Fomo)\n",
        "\n",
        "Personality Traits (Nevrotik, Disdon, Acikfikir)\n",
        "\n",
        "Target Variable: Social Media Addiction Score (Sosvirtol)\n",
        "\n",
        "\n",
        "**1.3. Hypotheses**\n",
        "\n",
        "Null Hypothesis (H0): Personality traits are a stronger predictor of digital addiction than FoMO.\n",
        "\n",
        "Alternative Hypothesis (H1): FoMO is a stronger predictor of digital addiction than personality traits.\n",
        "\n",
        "**1.4. Scope and Constraints**\n",
        "\n",
        "Scope: Focus on the relationship between FoMO, personality traits, and digital addiction.\n",
        "\n",
        "Constraints: Limited to the variables available in the Digital Addiction Research Dataset.\n",
        "\n",
        "**1.5. Deliverables**\n",
        "\n",
        "A predictive model to quantify the impact of FoMO and personality traits on digital addiction.\n",
        "\n",
        "Statistical analysis to test hypotheses.\n",
        "\n",
        "Visualizations and insights for stakeholders."
      ],
      "metadata": {
        "id": "aFWDU7_36Bzf"
      }
    },
    {
      "cell_type": "markdown",
      "source": [
        "# **2. DATA COLLECTION**"
      ],
      "metadata": {
        "id": "OLnYwcQC6GqJ"
      }
    },
    {
      "cell_type": "markdown",
      "source": [
        "**A. DATA LOADING**"
      ],
      "metadata": {
        "id": "nW_Xvg_N6Jud"
      }
    },
    {
      "cell_type": "code",
      "execution_count": null,
      "metadata": {
        "id": "WqREbaHkgNoU",
        "colab": {
          "base_uri": "https://localhost:8080/"
        },
        "outputId": "e0dd2c00-c14a-4f74-be06-09edbe2c801b"
      },
      "outputs": [
        {
          "output_type": "stream",
          "name": "stderr",
          "text": [
            "── \u001b[1mAttaching core tidyverse packages\u001b[22m ──────────────────────── tidyverse 2.0.0 ──\n",
            "\u001b[32m✔\u001b[39m \u001b[34mdplyr    \u001b[39m 1.1.4     \u001b[32m✔\u001b[39m \u001b[34mreadr    \u001b[39m 2.1.5\n",
            "\u001b[32m✔\u001b[39m \u001b[34mforcats  \u001b[39m 1.0.0     \u001b[32m✔\u001b[39m \u001b[34mstringr  \u001b[39m 1.5.1\n",
            "\u001b[32m✔\u001b[39m \u001b[34mggplot2  \u001b[39m 3.5.1     \u001b[32m✔\u001b[39m \u001b[34mtibble   \u001b[39m 3.2.1\n",
            "\u001b[32m✔\u001b[39m \u001b[34mlubridate\u001b[39m 1.9.4     \u001b[32m✔\u001b[39m \u001b[34mtidyr    \u001b[39m 1.3.1\n",
            "\u001b[32m✔\u001b[39m \u001b[34mpurrr    \u001b[39m 1.0.4     \n",
            "── \u001b[1mConflicts\u001b[22m ────────────────────────────────────────── tidyverse_conflicts() ──\n",
            "\u001b[31m✖\u001b[39m \u001b[34mdplyr\u001b[39m::\u001b[32mfilter()\u001b[39m masks \u001b[34mstats\u001b[39m::filter()\n",
            "\u001b[31m✖\u001b[39m \u001b[34mdplyr\u001b[39m::\u001b[32mlag()\u001b[39m    masks \u001b[34mstats\u001b[39m::lag()\n",
            "\u001b[36mℹ\u001b[39m Use the conflicted package (\u001b[3m\u001b[34m<http://conflicted.r-lib.org/>\u001b[39m\u001b[23m) to force all conflicts to become errors\n"
          ]
        }
      ],
      "source": [
        "library(tidyverse)\n",
        "data <- read.csv(\"social_media.csv\")"
      ]
    },
    {
      "cell_type": "markdown",
      "source": [
        "**B. DATA STRUCTURE**\n"
      ],
      "metadata": {
        "id": "mPEZZClv6LgD"
      }
    },
    {
      "cell_type": "code",
      "source": [
        "str(data)\n",
        "head(data, 10)\n",
        "colnames(data)"
      ],
      "metadata": {
        "colab": {
          "base_uri": "https://localhost:8080/",
          "height": 726
        },
        "id": "XNpZ0HqI6QuO",
        "outputId": "d3019a58-cf7d-470a-ba52-766d96e4a33c"
      },
      "execution_count": null,
      "outputs": [
        {
          "output_type": "stream",
          "name": "stdout",
          "text": [
            "'data.frame':\t497 obs. of  14 variables:\n",
            " $ Mutluluk  : num  2.48 3.86 3.29 3.82 3.77 2.55 2.48 2.48 4.1 3.17 ...\n",
            " $ Fomo      : num  3.05 2.82 1.5 3.23 2.86 1.32 2.45 3.73 1.59 1.55 ...\n",
            " $ Nevrotik  : num  4.4 3.4 3.4 1.6 2 2.8 3.4 5 2.6 4 ...\n",
            " $ Disdon    : num  1.2 5 3.6 5 4 2 3 2.4 3.8 3.8 ...\n",
            " $ Acikfikir : num  4 5 3.2 4.6 5 4 4.8 4.6 4.8 4.6 ...\n",
            " $ Yumbas    : num  3.2 3.8 4 4.6 3 3 2.8 1.8 4.4 2.4 ...\n",
            " $ Durust    : num  2.2 4.2 3.8 4.6 3.8 3.6 2.2 2.4 4 3.8 ...\n",
            " $ Mobba     : num  3.03 2.58 1.21 4.3 2 1.39 2.24 4.55 1.18 2.33 ...\n",
            " $ Oyba      : num  4.67 1.22 0 0 1.78 4.11 1.11 0 0 1.11 ...\n",
            " $ Sosvirtol : num  3 3.2 1.8 5 2.2 1.2 3.4 5 1.4 2.8 ...\n",
            " $ Sosvirco  : num  3 2.78 1.33 4.67 2.44 1.89 2.44 4.22 1.11 1.56 ...\n",
            " $ Sosvirpro : num  3.22 1.89 1 4 2.56 1.44 2 4.56 1.11 1.33 ...\n",
            " $ Sosvirinfo: num  3.5 3.5 1.83 3.67 2.33 1.67 3 3.67 1.67 2.5 ...\n",
            " $ Target    : int  0 1 1 1 1 1 0 0 1 1 ...\n"
          ]
        },
        {
          "output_type": "display_data",
          "data": {
            "text/html": [
              "<table class=\"dataframe\">\n",
              "<caption>A data.frame: 10 × 14</caption>\n",
              "<thead>\n",
              "\t<tr><th></th><th scope=col>Mutluluk</th><th scope=col>Fomo</th><th scope=col>Nevrotik</th><th scope=col>Disdon</th><th scope=col>Acikfikir</th><th scope=col>Yumbas</th><th scope=col>Durust</th><th scope=col>Mobba</th><th scope=col>Oyba</th><th scope=col>Sosvirtol</th><th scope=col>Sosvirco</th><th scope=col>Sosvirpro</th><th scope=col>Sosvirinfo</th><th scope=col>Target</th></tr>\n",
              "\t<tr><th></th><th scope=col>&lt;dbl&gt;</th><th scope=col>&lt;dbl&gt;</th><th scope=col>&lt;dbl&gt;</th><th scope=col>&lt;dbl&gt;</th><th scope=col>&lt;dbl&gt;</th><th scope=col>&lt;dbl&gt;</th><th scope=col>&lt;dbl&gt;</th><th scope=col>&lt;dbl&gt;</th><th scope=col>&lt;dbl&gt;</th><th scope=col>&lt;dbl&gt;</th><th scope=col>&lt;dbl&gt;</th><th scope=col>&lt;dbl&gt;</th><th scope=col>&lt;dbl&gt;</th><th scope=col>&lt;int&gt;</th></tr>\n",
              "</thead>\n",
              "<tbody>\n",
              "\t<tr><th scope=row>1</th><td>2.48</td><td>3.05</td><td>4.4</td><td>1.2</td><td>4.0</td><td>3.2</td><td>2.2</td><td>3.03</td><td>4.67</td><td>3.0</td><td>3.00</td><td>3.22</td><td>3.50</td><td>0</td></tr>\n",
              "\t<tr><th scope=row>2</th><td>3.86</td><td>2.82</td><td>3.4</td><td>5.0</td><td>5.0</td><td>3.8</td><td>4.2</td><td>2.58</td><td>1.22</td><td>3.2</td><td>2.78</td><td>1.89</td><td>3.50</td><td>1</td></tr>\n",
              "\t<tr><th scope=row>3</th><td>3.29</td><td>1.50</td><td>3.4</td><td>3.6</td><td>3.2</td><td>4.0</td><td>3.8</td><td>1.21</td><td>0.00</td><td>1.8</td><td>1.33</td><td>1.00</td><td>1.83</td><td>1</td></tr>\n",
              "\t<tr><th scope=row>4</th><td>3.82</td><td>3.23</td><td>1.6</td><td>5.0</td><td>4.6</td><td>4.6</td><td>4.6</td><td>4.30</td><td>0.00</td><td>5.0</td><td>4.67</td><td>4.00</td><td>3.67</td><td>1</td></tr>\n",
              "\t<tr><th scope=row>5</th><td>3.77</td><td>2.86</td><td>2.0</td><td>4.0</td><td>5.0</td><td>3.0</td><td>3.8</td><td>2.00</td><td>1.78</td><td>2.2</td><td>2.44</td><td>2.56</td><td>2.33</td><td>1</td></tr>\n",
              "\t<tr><th scope=row>6</th><td>2.55</td><td>1.32</td><td>2.8</td><td>2.0</td><td>4.0</td><td>3.0</td><td>3.6</td><td>1.39</td><td>4.11</td><td>1.2</td><td>1.89</td><td>1.44</td><td>1.67</td><td>1</td></tr>\n",
              "\t<tr><th scope=row>7</th><td>2.48</td><td>2.45</td><td>3.4</td><td>3.0</td><td>4.8</td><td>2.8</td><td>2.2</td><td>2.24</td><td>1.11</td><td>3.4</td><td>2.44</td><td>2.00</td><td>3.00</td><td>0</td></tr>\n",
              "\t<tr><th scope=row>8</th><td>2.48</td><td>3.73</td><td>5.0</td><td>2.4</td><td>4.6</td><td>1.8</td><td>2.4</td><td>4.55</td><td>0.00</td><td>5.0</td><td>4.22</td><td>4.56</td><td>3.67</td><td>0</td></tr>\n",
              "\t<tr><th scope=row>9</th><td>4.10</td><td>1.59</td><td>2.6</td><td>3.8</td><td>4.8</td><td>4.4</td><td>4.0</td><td>1.18</td><td>0.00</td><td>1.4</td><td>1.11</td><td>1.11</td><td>1.67</td><td>1</td></tr>\n",
              "\t<tr><th scope=row>10</th><td>3.17</td><td>1.55</td><td>4.0</td><td>3.8</td><td>4.6</td><td>2.4</td><td>3.8</td><td>2.33</td><td>1.11</td><td>2.8</td><td>1.56</td><td>1.33</td><td>2.50</td><td>1</td></tr>\n",
              "</tbody>\n",
              "</table>\n"
            ],
            "text/markdown": "\nA data.frame: 10 × 14\n\n| <!--/--> | Mutluluk &lt;dbl&gt; | Fomo &lt;dbl&gt; | Nevrotik &lt;dbl&gt; | Disdon &lt;dbl&gt; | Acikfikir &lt;dbl&gt; | Yumbas &lt;dbl&gt; | Durust &lt;dbl&gt; | Mobba &lt;dbl&gt; | Oyba &lt;dbl&gt; | Sosvirtol &lt;dbl&gt; | Sosvirco &lt;dbl&gt; | Sosvirpro &lt;dbl&gt; | Sosvirinfo &lt;dbl&gt; | Target &lt;int&gt; |\n|---|---|---|---|---|---|---|---|---|---|---|---|---|---|---|\n| 1 | 2.48 | 3.05 | 4.4 | 1.2 | 4.0 | 3.2 | 2.2 | 3.03 | 4.67 | 3.0 | 3.00 | 3.22 | 3.50 | 0 |\n| 2 | 3.86 | 2.82 | 3.4 | 5.0 | 5.0 | 3.8 | 4.2 | 2.58 | 1.22 | 3.2 | 2.78 | 1.89 | 3.50 | 1 |\n| 3 | 3.29 | 1.50 | 3.4 | 3.6 | 3.2 | 4.0 | 3.8 | 1.21 | 0.00 | 1.8 | 1.33 | 1.00 | 1.83 | 1 |\n| 4 | 3.82 | 3.23 | 1.6 | 5.0 | 4.6 | 4.6 | 4.6 | 4.30 | 0.00 | 5.0 | 4.67 | 4.00 | 3.67 | 1 |\n| 5 | 3.77 | 2.86 | 2.0 | 4.0 | 5.0 | 3.0 | 3.8 | 2.00 | 1.78 | 2.2 | 2.44 | 2.56 | 2.33 | 1 |\n| 6 | 2.55 | 1.32 | 2.8 | 2.0 | 4.0 | 3.0 | 3.6 | 1.39 | 4.11 | 1.2 | 1.89 | 1.44 | 1.67 | 1 |\n| 7 | 2.48 | 2.45 | 3.4 | 3.0 | 4.8 | 2.8 | 2.2 | 2.24 | 1.11 | 3.4 | 2.44 | 2.00 | 3.00 | 0 |\n| 8 | 2.48 | 3.73 | 5.0 | 2.4 | 4.6 | 1.8 | 2.4 | 4.55 | 0.00 | 5.0 | 4.22 | 4.56 | 3.67 | 0 |\n| 9 | 4.10 | 1.59 | 2.6 | 3.8 | 4.8 | 4.4 | 4.0 | 1.18 | 0.00 | 1.4 | 1.11 | 1.11 | 1.67 | 1 |\n| 10 | 3.17 | 1.55 | 4.0 | 3.8 | 4.6 | 2.4 | 3.8 | 2.33 | 1.11 | 2.8 | 1.56 | 1.33 | 2.50 | 1 |\n\n",
            "text/latex": "A data.frame: 10 × 14\n\\begin{tabular}{r|llllllllllllll}\n  & Mutluluk & Fomo & Nevrotik & Disdon & Acikfikir & Yumbas & Durust & Mobba & Oyba & Sosvirtol & Sosvirco & Sosvirpro & Sosvirinfo & Target\\\\\n  & <dbl> & <dbl> & <dbl> & <dbl> & <dbl> & <dbl> & <dbl> & <dbl> & <dbl> & <dbl> & <dbl> & <dbl> & <dbl> & <int>\\\\\n\\hline\n\t1 & 2.48 & 3.05 & 4.4 & 1.2 & 4.0 & 3.2 & 2.2 & 3.03 & 4.67 & 3.0 & 3.00 & 3.22 & 3.50 & 0\\\\\n\t2 & 3.86 & 2.82 & 3.4 & 5.0 & 5.0 & 3.8 & 4.2 & 2.58 & 1.22 & 3.2 & 2.78 & 1.89 & 3.50 & 1\\\\\n\t3 & 3.29 & 1.50 & 3.4 & 3.6 & 3.2 & 4.0 & 3.8 & 1.21 & 0.00 & 1.8 & 1.33 & 1.00 & 1.83 & 1\\\\\n\t4 & 3.82 & 3.23 & 1.6 & 5.0 & 4.6 & 4.6 & 4.6 & 4.30 & 0.00 & 5.0 & 4.67 & 4.00 & 3.67 & 1\\\\\n\t5 & 3.77 & 2.86 & 2.0 & 4.0 & 5.0 & 3.0 & 3.8 & 2.00 & 1.78 & 2.2 & 2.44 & 2.56 & 2.33 & 1\\\\\n\t6 & 2.55 & 1.32 & 2.8 & 2.0 & 4.0 & 3.0 & 3.6 & 1.39 & 4.11 & 1.2 & 1.89 & 1.44 & 1.67 & 1\\\\\n\t7 & 2.48 & 2.45 & 3.4 & 3.0 & 4.8 & 2.8 & 2.2 & 2.24 & 1.11 & 3.4 & 2.44 & 2.00 & 3.00 & 0\\\\\n\t8 & 2.48 & 3.73 & 5.0 & 2.4 & 4.6 & 1.8 & 2.4 & 4.55 & 0.00 & 5.0 & 4.22 & 4.56 & 3.67 & 0\\\\\n\t9 & 4.10 & 1.59 & 2.6 & 3.8 & 4.8 & 4.4 & 4.0 & 1.18 & 0.00 & 1.4 & 1.11 & 1.11 & 1.67 & 1\\\\\n\t10 & 3.17 & 1.55 & 4.0 & 3.8 & 4.6 & 2.4 & 3.8 & 2.33 & 1.11 & 2.8 & 1.56 & 1.33 & 2.50 & 1\\\\\n\\end{tabular}\n",
            "text/plain": [
              "   Mutluluk Fomo Nevrotik Disdon Acikfikir Yumbas Durust Mobba Oyba Sosvirtol\n",
              "1  2.48     3.05 4.4      1.2    4.0       3.2    2.2    3.03  4.67 3.0      \n",
              "2  3.86     2.82 3.4      5.0    5.0       3.8    4.2    2.58  1.22 3.2      \n",
              "3  3.29     1.50 3.4      3.6    3.2       4.0    3.8    1.21  0.00 1.8      \n",
              "4  3.82     3.23 1.6      5.0    4.6       4.6    4.6    4.30  0.00 5.0      \n",
              "5  3.77     2.86 2.0      4.0    5.0       3.0    3.8    2.00  1.78 2.2      \n",
              "6  2.55     1.32 2.8      2.0    4.0       3.0    3.6    1.39  4.11 1.2      \n",
              "7  2.48     2.45 3.4      3.0    4.8       2.8    2.2    2.24  1.11 3.4      \n",
              "8  2.48     3.73 5.0      2.4    4.6       1.8    2.4    4.55  0.00 5.0      \n",
              "9  4.10     1.59 2.6      3.8    4.8       4.4    4.0    1.18  0.00 1.4      \n",
              "10 3.17     1.55 4.0      3.8    4.6       2.4    3.8    2.33  1.11 2.8      \n",
              "   Sosvirco Sosvirpro Sosvirinfo Target\n",
              "1  3.00     3.22      3.50       0     \n",
              "2  2.78     1.89      3.50       1     \n",
              "3  1.33     1.00      1.83       1     \n",
              "4  4.67     4.00      3.67       1     \n",
              "5  2.44     2.56      2.33       1     \n",
              "6  1.89     1.44      1.67       1     \n",
              "7  2.44     2.00      3.00       0     \n",
              "8  4.22     4.56      3.67       0     \n",
              "9  1.11     1.11      1.67       1     \n",
              "10 1.56     1.33      2.50       1     "
            ]
          },
          "metadata": {}
        },
        {
          "output_type": "display_data",
          "data": {
            "text/html": [
              "<style>\n",
              ".list-inline {list-style: none; margin:0; padding: 0}\n",
              ".list-inline>li {display: inline-block}\n",
              ".list-inline>li:not(:last-child)::after {content: \"\\00b7\"; padding: 0 .5ex}\n",
              "</style>\n",
              "<ol class=list-inline><li>'Mutluluk'</li><li>'Fomo'</li><li>'Nevrotik'</li><li>'Disdon'</li><li>'Acikfikir'</li><li>'Yumbas'</li><li>'Durust'</li><li>'Mobba'</li><li>'Oyba'</li><li>'Sosvirtol'</li><li>'Sosvirco'</li><li>'Sosvirpro'</li><li>'Sosvirinfo'</li><li>'Target'</li></ol>\n"
            ],
            "text/markdown": "1. 'Mutluluk'\n2. 'Fomo'\n3. 'Nevrotik'\n4. 'Disdon'\n5. 'Acikfikir'\n6. 'Yumbas'\n7. 'Durust'\n8. 'Mobba'\n9. 'Oyba'\n10. 'Sosvirtol'\n11. 'Sosvirco'\n12. 'Sosvirpro'\n13. 'Sosvirinfo'\n14. 'Target'\n\n\n",
            "text/latex": "\\begin{enumerate*}\n\\item 'Mutluluk'\n\\item 'Fomo'\n\\item 'Nevrotik'\n\\item 'Disdon'\n\\item 'Acikfikir'\n\\item 'Yumbas'\n\\item 'Durust'\n\\item 'Mobba'\n\\item 'Oyba'\n\\item 'Sosvirtol'\n\\item 'Sosvirco'\n\\item 'Sosvirpro'\n\\item 'Sosvirinfo'\n\\item 'Target'\n\\end{enumerate*}\n",
            "text/plain": [
              " [1] \"Mutluluk\"   \"Fomo\"       \"Nevrotik\"   \"Disdon\"     \"Acikfikir\" \n",
              " [6] \"Yumbas\"     \"Durust\"     \"Mobba\"      \"Oyba\"       \"Sosvirtol\" \n",
              "[11] \"Sosvirco\"   \"Sosvirpro\"  \"Sosvirinfo\" \"Target\"    "
            ]
          },
          "metadata": {}
        }
      ]
    },
    {
      "cell_type": "markdown",
      "source": [
        "**C. MISSING VALUES & DUPLICATES CHECK**"
      ],
      "metadata": {
        "id": "Ns05Klwt6YIP"
      }
    },
    {
      "cell_type": "code",
      "source": [
        "# missing value check\n",
        "colSums(is.na(data))\n",
        "colMeans(is.na(data)) * 100\n",
        "\n",
        "# duplicates check\n",
        "sum(duplicated(data))\n",
        "data <- data %>% distinct()"
      ],
      "metadata": {
        "colab": {
          "base_uri": "https://localhost:8080/",
          "height": 104
        },
        "id": "W3tuz3oO6X59",
        "outputId": "68e497af-b034-4836-eeb2-76c2292d32a3"
      },
      "execution_count": null,
      "outputs": [
        {
          "output_type": "display_data",
          "data": {
            "text/html": [
              "<style>\n",
              ".dl-inline {width: auto; margin:0; padding: 0}\n",
              ".dl-inline>dt, .dl-inline>dd {float: none; width: auto; display: inline-block}\n",
              ".dl-inline>dt::after {content: \":\\0020\"; padding-right: .5ex}\n",
              ".dl-inline>dt:not(:first-of-type) {padding-left: .5ex}\n",
              "</style><dl class=dl-inline><dt>Mutluluk</dt><dd>0</dd><dt>Fomo</dt><dd>0</dd><dt>Nevrotik</dt><dd>0</dd><dt>Disdon</dt><dd>0</dd><dt>Acikfikir</dt><dd>0</dd><dt>Yumbas</dt><dd>0</dd><dt>Durust</dt><dd>0</dd><dt>Mobba</dt><dd>0</dd><dt>Oyba</dt><dd>0</dd><dt>Sosvirtol</dt><dd>0</dd><dt>Sosvirco</dt><dd>0</dd><dt>Sosvirpro</dt><dd>0</dd><dt>Sosvirinfo</dt><dd>0</dd><dt>Target</dt><dd>0</dd></dl>\n"
            ],
            "text/markdown": "Mutluluk\n:   0Fomo\n:   0Nevrotik\n:   0Disdon\n:   0Acikfikir\n:   0Yumbas\n:   0Durust\n:   0Mobba\n:   0Oyba\n:   0Sosvirtol\n:   0Sosvirco\n:   0Sosvirpro\n:   0Sosvirinfo\n:   0Target\n:   0\n\n",
            "text/latex": "\\begin{description*}\n\\item[Mutluluk] 0\n\\item[Fomo] 0\n\\item[Nevrotik] 0\n\\item[Disdon] 0\n\\item[Acikfikir] 0\n\\item[Yumbas] 0\n\\item[Durust] 0\n\\item[Mobba] 0\n\\item[Oyba] 0\n\\item[Sosvirtol] 0\n\\item[Sosvirco] 0\n\\item[Sosvirpro] 0\n\\item[Sosvirinfo] 0\n\\item[Target] 0\n\\end{description*}\n",
            "text/plain": [
              "  Mutluluk       Fomo   Nevrotik     Disdon  Acikfikir     Yumbas     Durust \n",
              "         0          0          0          0          0          0          0 \n",
              "     Mobba       Oyba  Sosvirtol   Sosvirco  Sosvirpro Sosvirinfo     Target \n",
              "         0          0          0          0          0          0          0 "
            ]
          },
          "metadata": {}
        },
        {
          "output_type": "display_data",
          "data": {
            "text/html": [
              "<style>\n",
              ".dl-inline {width: auto; margin:0; padding: 0}\n",
              ".dl-inline>dt, .dl-inline>dd {float: none; width: auto; display: inline-block}\n",
              ".dl-inline>dt::after {content: \":\\0020\"; padding-right: .5ex}\n",
              ".dl-inline>dt:not(:first-of-type) {padding-left: .5ex}\n",
              "</style><dl class=dl-inline><dt>Mutluluk</dt><dd>0</dd><dt>Fomo</dt><dd>0</dd><dt>Nevrotik</dt><dd>0</dd><dt>Disdon</dt><dd>0</dd><dt>Acikfikir</dt><dd>0</dd><dt>Yumbas</dt><dd>0</dd><dt>Durust</dt><dd>0</dd><dt>Mobba</dt><dd>0</dd><dt>Oyba</dt><dd>0</dd><dt>Sosvirtol</dt><dd>0</dd><dt>Sosvirco</dt><dd>0</dd><dt>Sosvirpro</dt><dd>0</dd><dt>Sosvirinfo</dt><dd>0</dd><dt>Target</dt><dd>0</dd></dl>\n"
            ],
            "text/markdown": "Mutluluk\n:   0Fomo\n:   0Nevrotik\n:   0Disdon\n:   0Acikfikir\n:   0Yumbas\n:   0Durust\n:   0Mobba\n:   0Oyba\n:   0Sosvirtol\n:   0Sosvirco\n:   0Sosvirpro\n:   0Sosvirinfo\n:   0Target\n:   0\n\n",
            "text/latex": "\\begin{description*}\n\\item[Mutluluk] 0\n\\item[Fomo] 0\n\\item[Nevrotik] 0\n\\item[Disdon] 0\n\\item[Acikfikir] 0\n\\item[Yumbas] 0\n\\item[Durust] 0\n\\item[Mobba] 0\n\\item[Oyba] 0\n\\item[Sosvirtol] 0\n\\item[Sosvirco] 0\n\\item[Sosvirpro] 0\n\\item[Sosvirinfo] 0\n\\item[Target] 0\n\\end{description*}\n",
            "text/plain": [
              "  Mutluluk       Fomo   Nevrotik     Disdon  Acikfikir     Yumbas     Durust \n",
              "         0          0          0          0          0          0          0 \n",
              "     Mobba       Oyba  Sosvirtol   Sosvirco  Sosvirpro Sosvirinfo     Target \n",
              "         0          0          0          0          0          0          0 "
            ]
          },
          "metadata": {}
        },
        {
          "output_type": "display_data",
          "data": {
            "text/html": [
              "2"
            ],
            "text/markdown": "2",
            "text/latex": "2",
            "text/plain": [
              "[1] 2"
            ]
          },
          "metadata": {}
        }
      ]
    },
    {
      "cell_type": "markdown",
      "source": [
        "**D. DATA SUMMARY**"
      ],
      "metadata": {
        "id": "DFMzaT3i6cHE"
      }
    },
    {
      "cell_type": "code",
      "source": [
        "summary(data)"
      ],
      "metadata": {
        "colab": {
          "base_uri": "https://localhost:8080/",
          "height": 503
        },
        "id": "vD0d9T8G6X3D",
        "outputId": "2e557dbc-0b17-45c5-85a5-21418b5824db"
      },
      "execution_count": null,
      "outputs": [
        {
          "output_type": "display_data",
          "data": {
            "text/plain": [
              "    Mutluluk          Fomo          Nevrotik         Disdon     \n",
              " Min.   :1.240   Min.   :1.000   Min.   :1.000   Min.   :1.200  \n",
              " 1st Qu.:3.030   1st Qu.:1.770   1st Qu.:2.600   1st Qu.:2.800  \n",
              " Median :3.450   Median :2.320   Median :3.400   Median :3.400  \n",
              " Mean   :3.410   Mean   :2.419   Mean   :3.287   Mean   :3.375  \n",
              " 3rd Qu.:3.825   3rd Qu.:3.000   3rd Qu.:4.000   3rd Qu.:4.000  \n",
              " Max.   :4.790   Max.   :4.770   Max.   :5.000   Max.   :5.000  \n",
              "   Acikfikir         Yumbas          Durust          Mobba      \n",
              " Min.   :1.200   Min.   :1.200   Min.   :1.200   Min.   :1.000  \n",
              " 1st Qu.:3.800   1st Qu.:3.400   1st Qu.:3.200   1st Qu.:1.640  \n",
              " Median :4.400   Median :3.800   Median :3.800   Median :2.030  \n",
              " Mean   :4.279   Mean   :3.675   Mean   :3.722   Mean   :2.115  \n",
              " 3rd Qu.:4.800   3rd Qu.:4.200   3rd Qu.:4.200   3rd Qu.:2.480  \n",
              " Max.   :5.000   Max.   :5.000   Max.   :5.000   Max.   :4.550  \n",
              "      Oyba          Sosvirtol        Sosvirco       Sosvirpro    \n",
              " Min.   :0.0000   Min.   :1.000   Min.   :1.000   Min.   :1.000  \n",
              " 1st Qu.:0.0000   1st Qu.:1.800   1st Qu.:1.440   1st Qu.:1.220  \n",
              " Median :0.0000   Median :2.400   Median :1.890   Median :1.560  \n",
              " Mean   :0.9703   Mean   :2.524   Mean   :1.989   Mean   :1.787  \n",
              " 3rd Qu.:1.8900   3rd Qu.:3.200   3rd Qu.:2.330   3rd Qu.:2.220  \n",
              " Max.   :4.7800   Max.   :5.000   Max.   :4.670   Max.   :4.560  \n",
              "   Sosvirinfo        Target      \n",
              " Min.   :1.000   Min.   :0.0000  \n",
              " 1st Qu.:2.000   1st Qu.:1.0000  \n",
              " Median :2.670   Median :1.0000  \n",
              " Mean   :2.679   Mean   :0.9253  \n",
              " 3rd Qu.:3.330   3rd Qu.:1.0000  \n",
              " Max.   :5.000   Max.   :1.0000  "
            ]
          },
          "metadata": {}
        }
      ]
    },
    {
      "cell_type": "markdown",
      "source": [
        "# **3. DATA PREPARATION & PROCESSING**"
      ],
      "metadata": {
        "id": "3J4W2OK29T0t"
      }
    },
    {
      "cell_type": "markdown",
      "source": [
        "**FEATURE SELECTION**\n"
      ],
      "metadata": {
        "id": "mFOVeiw29aM5"
      }
    },
    {
      "cell_type": "code",
      "source": [
        "# applied renaming to english for selected features\n",
        "data <- data %>%\n",
        "  rename(FoMO = Fomo,\n",
        "         Neuroticism = Nevrotik,\n",
        "         Disinhibition = Disdon,\n",
        "         Openness = Acikfikir,\n",
        "         SocialMediaAddiction = Sosvirtol,\n",
        "         SocialAddiction_Communication = Sosvirco,\n",
        "         SocialAddiction_ProblematicUse = Sosvirpro,\n",
        "         SocialAddiction_Information = Sosvirinfo,\n",
        "         Happiness = Mutluluk,\n",
        "         LifeSatisfaction = Yumbas,\n",
        "         Honesty = Durust,\n",
        "         CyberbullyingVictim = Mobba,\n",
        "         OnlineGamingAddiction = Oyba,\n",
        "         Target = Target)\n",
        "str(data)"
      ],
      "metadata": {
        "colab": {
          "base_uri": "https://localhost:8080/"
        },
        "id": "Le3Cq0EW6X0b",
        "outputId": "31143e5f-32ed-43c3-c86e-c89dddfdeb47"
      },
      "execution_count": null,
      "outputs": [
        {
          "output_type": "stream",
          "name": "stdout",
          "text": [
            "'data.frame':\t495 obs. of  14 variables:\n",
            " $ Happiness                     : num  2.48 3.86 3.29 3.82 3.77 2.55 2.48 2.48 4.1 3.17 ...\n",
            " $ FoMO                          : num  3.05 2.82 1.5 3.23 2.86 1.32 2.45 3.73 1.59 1.55 ...\n",
            " $ Neuroticism                   : num  4.4 3.4 3.4 1.6 2 2.8 3.4 5 2.6 4 ...\n",
            " $ Disinhibition                 : num  1.2 5 3.6 5 4 2 3 2.4 3.8 3.8 ...\n",
            " $ Openness                      : num  4 5 3.2 4.6 5 4 4.8 4.6 4.8 4.6 ...\n",
            " $ LifeSatisfaction              : num  3.2 3.8 4 4.6 3 3 2.8 1.8 4.4 2.4 ...\n",
            " $ Honesty                       : num  2.2 4.2 3.8 4.6 3.8 3.6 2.2 2.4 4 3.8 ...\n",
            " $ CyberbullyingVictim           : num  3.03 2.58 1.21 4.3 2 1.39 2.24 4.55 1.18 2.33 ...\n",
            " $ OnlineGamingAddiction         : num  4.67 1.22 0 0 1.78 4.11 1.11 0 0 1.11 ...\n",
            " $ SocialMediaAddiction          : num  3 3.2 1.8 5 2.2 1.2 3.4 5 1.4 2.8 ...\n",
            " $ SocialAddiction_Communication : num  3 2.78 1.33 4.67 2.44 1.89 2.44 4.22 1.11 1.56 ...\n",
            " $ SocialAddiction_ProblematicUse: num  3.22 1.89 1 4 2.56 1.44 2 4.56 1.11 1.33 ...\n",
            " $ SocialAddiction_Information   : num  3.5 3.5 1.83 3.67 2.33 1.67 3 3.67 1.67 2.5 ...\n",
            " $ Target                        : int  0 1 1 1 1 1 0 0 1 1 ...\n"
          ]
        }
      ]
    },
    {
      "cell_type": "markdown",
      "source": [
        "**DATA DISTRIBUTION**"
      ],
      "metadata": {
        "id": "7GMBJ-gw9bej"
      }
    },
    {
      "cell_type": "code",
      "source": [
        "install.packages(\"gridExtra\")\n",
        "library(ggplot2)\n",
        "library(gridExtra)\n",
        "\n",
        "# Plot list for each feature\n",
        "p1 <- ggplot(data, aes(x = FoMO)) +\n",
        "  geom_histogram(binwidth = 0.5, fill = \"steelblue\") +\n",
        "  ggtitle(\"Distribution of FoMO\")\n",
        "\n",
        "p2 <- ggplot(data, aes(x = Neuroticism)) +\n",
        "  geom_histogram(binwidth = 0.5, fill = \"forestgreen\") +\n",
        "  ggtitle(\"Distribution of Neuroticism\")\n",
        "\n",
        "p3 <- ggplot(data, aes(x = Disinhibition)) +\n",
        "  geom_histogram(binwidth = 0.5, fill = \"red3\") +\n",
        "  ggtitle(\"Distribution of Disinhibition\")\n",
        "\n",
        "p4 <- ggplot(data, aes(x = Openness)) +\n",
        "  geom_histogram(binwidth = 0.5, fill = \"purple3\") +\n",
        "  ggtitle(\"Distribution of Openness\")\n",
        "\n",
        "p5 <- ggplot(data, aes(x = SocialMediaAddiction)) +\n",
        "  geom_histogram(binwidth = 0.5, fill = \"orange\") +\n",
        "  ggtitle(\"Social Media Addiction Total Score\")\n",
        "\n",
        "p6 <- ggplot(data, aes(x = SocialAddiction_Communication)) +\n",
        "  geom_histogram(binwidth = 0.5, fill = \"darkcyan\") +\n",
        "  ggtitle(\"Addiction - Communication\")\n",
        "\n",
        "p7 <- ggplot(data, aes(x = SocialAddiction_ProblematicUse)) +\n",
        "  geom_histogram(binwidth = 0.5, fill = \"darkgoldenrod1\") +\n",
        "  ggtitle(\"Addiction - Problematic Use\")\n",
        "\n",
        "p8 <- ggplot(data, aes(x = SocialAddiction_Information)) +\n",
        "  geom_histogram(binwidth = 0.5, fill = \"coral4\") +\n",
        "  ggtitle(\"Addiction - Information Seeking\")\n",
        "\n",
        "p9 <- ggplot(data, aes(x = Happiness)) +\n",
        "  geom_histogram(binwidth = 0.5, fill = \"skyblue3\") +\n",
        "  ggtitle(\"Happiness\")\n",
        "\n",
        "p10 <- ggplot(data, aes(x = LifeSatisfaction)) +\n",
        "  geom_histogram(binwidth = 0.5, fill = \"tomato3\") +\n",
        "  ggtitle(\"Life Satisfaction\")\n",
        "\n",
        "p11 <- ggplot(data, aes(x = Honesty)) +\n",
        "  geom_histogram(binwidth = 0.5, fill = \"slategray\") +\n",
        "  ggtitle(\"Honesty\")\n",
        "\n",
        "p12 <- ggplot(data, aes(x = CyberbullyingVictim)) +\n",
        "  geom_histogram(binwidth = 0.5, fill = \"chocolate3\") +\n",
        "  ggtitle(\"Cyberbullying Victim\")\n",
        "\n",
        "p13 <- ggplot(data, aes(x = OnlineGamingAddiction)) +\n",
        "  geom_histogram(binwidth = 0.5, fill = \"orchid4\") +\n",
        "  ggtitle(\"Online Gaming Addiction\")\n",
        "\n",
        "# Display in grids\n",
        "grid.arrange(p1, p2, p3, p4, ncol = 2)\n",
        "grid.arrange(p5, p6, p7, p8, ncol = 2)\n",
        "grid.arrange(p9, p10, p11, p12, p13, ncol = 2)\n"
      ],
      "metadata": {
        "colab": {
          "base_uri": "https://localhost:8080/",
          "height": 1000
        },
        "id": "jGRf18It6XyI",
        "outputId": "98f43f87-0204-4aaf-bc90-65801eff0bb8"
      },
      "execution_count": null,
      "outputs": [
        {
          "output_type": "stream",
          "name": "stderr",
          "text": [
            "Installing package into ‘/usr/local/lib/R/site-library’\n",
            "(as ‘lib’ is unspecified)\n",
            "\n",
            "\n",
            "Attaching package: ‘gridExtra’\n",
            "\n",
            "\n",
            "The following object is masked from ‘package:dplyr’:\n",
            "\n",
            "    combine\n",
            "\n",
            "\n"
          ]
        },
        {
          "output_type": "display_data",
          "data": {
            "text/plain": [
              "plot without title"
            ],
